62355
1995
26828
21071
88855
70234
19090
72078
22232
84693
45371
40195
87828
75289
60238
42868
55139
3457
43767
45637
17340
73628
81095
88494
14417
28929
87166
86686
43771
57716
38285
16788
42239
23987
85192
28089
24131
7990
80407
27
21332
57985
38961
9141
34676
34
33116
74745
26992
16259
77338
77880
28626
70219
54792
39099
54069
2222
87457
91896
10368
23870
76649
19123
83807
65882
33774
93026
77707
63714
55650
67969
56398
20897
3041
6262
16072
28545
73042
28028
95415
73926
70543
65059
81572
94831
84403
80298
27791
89415
50772
80116
68697
61564
63037
35358
12119
73796
48389
2791
12416
54514
72612
14507
52470
51988
51715
21625
79345
53482
35950
74585
22082
70640
21151
73632
65075
60500
53606
42279
87874
6935
33812
25641
7787
27935
93670
42582
89136
72019
72149
409
80825
86908
3070
3613
21771
16689
84174
52612
79122
89254
95441
71257
69040
66753
22349
42407
23668
21861
63148
6459
88398
31809
76865
90685
17899
38719
73210
54934
8192
20862
10834
2132
92648
99387
38921
28365
25823
2232
31842
8893
77386
70602
55657
73162
58692
26599
18317
61123
4789
44597
48992
96245
53627
26927
58052
50076
96651
96412
8796
27321
20777
35202
19794
36505
73364
52768
54435
62422
46921
57240
88368
53471
78196
63358
22282
41821
62584
68494
18385
54699
55661
24680
89863
29781
54067
50168
18857
40259
45520
2282
84986
17937
52969
9263
92724
56518
92831
34283
9216
28910
7806
95578
12668
17298
31570
10507
28668
46054
42048
39932
3683
11970
35219
49
97514
3268
6431
33810
26399
26424
26940
15349
73089
35038
57949
6237
10036
14089
41992
83419
76434
5322
80309
90492
93830
67424
63446
61941
361
24409
80726
94368
39723
46428
9851
40224
13536
71046
85771
83248
66134
57606
23585
5166
37331
80740
68088
10821
38844
58302
79897
8012
54397
54482
1622
93778
61291
65854
30266
30928
58691
97444
40144
66874
92857
5616
25711
76272
58320
13867
1339
47518
59736
4319
85336
79603
13431
87433
52882
47563
95179
48878
2670
61010
46142
38367
40950
89599
98172
29094
33582
69273
70655
20138
23343
27111
90077
71107
9295
88289
12543
33170
78065
60615
8510
80581
87261
84243
65184
46277
99330
96172
75734
6464
48010
13074
72767
79568
875
18609
7486
96414
83480
3843
77177
69228
68077
25187
39529
5851
49945
62850
46914
43533
36400
39361
16867
1296
75337
27276
32244
14458
4092
59416
51380
57202
91069
5189
34982
10813
61775
4554
16665
62494
3077
94591
12885
90734
36094
11357
32179
96651
56100
34358
31060
34286
38798
23047
36545
74138
56404
93875
37526
6565
38747
56344
8751
82884
8873
82103
45365
37039
82623
38878
19055
18443
55671
12150
97057
4775
90230
12821
83100
56015
7034
49623
38484
90539
68413
80098
37364
11323
19113
75489
61794
64372
74971
13001
1639
50287
46547
95418
92711
22969
33571
85989
91680
54573
30944
97948
28323
7462
33561
56127
7629
99023
44898
54901
32041
50606
73299
37090
199
96592
96507
54818
8148
95758
55583
48867
18208
40527
20922
2016
61426
60249
52904
43071
29289
56510
84737
545
30477
58723
15714
34953
40486
39463
22709
34291
74162
62656
95734
95794
10236
67708
32390
88996
37450
77904
43945
3677
63814
32976
12883
49473
76963
72118
69113
43363
91867
81640
28850
17698
28130
81500
60329
89165
24802
34160
82489
79549
24276
19496
76216
6342
64440
71485
27189
27756
88987
94102
91794
68474
56293
96158
83726
75036
4701
53908
20469
71677
14129
65790
65784
62512
18866
27980
44047
96773
32149
44140
15169
94317
20284
42130
6254
83390
68800
81482
91976
96828
3304
11399
25182
68935
39251
71488
80925
18697
99740
75276
463
86893
89570
30688
21760
11484
4875
15174
25413
44105
42188
8590
58407
56171
96115
20426
92426
46889
84281
22480
82331
4177
83409
85703
94825
2332
62573
92971
33278
12272
17088
27510
10373
14137
63324
46064
28857
20906
38670
90269
21421
82415
77790
61340
13548
47553
88822
27761
20900
82994
97643
54570
92786
50117
39822
87217
99759
68473
15267
93190
88314
63260
7850
8571
12354
95792
57904
26509
82585
6017
26243
65561
14901
61707
38100
59827
95605
28177
92192
63652
21654
61308
95661
58655
78091
83257
66374
72671
77294
62922
90362
38345
72088
20805
59218
11629
75768
71360
97105
35541
60695
20986
49595
55677
18187
91671
88325
79044
41109
11701
86029
6923
20835
82178
51443
95542
1733
12983
34973
38366
97833
7389
27167
86228
54757
34332
60636
43123
75753
9333
48091
90686
21497
10325
55137
50931
92932
21341
6746
25138
95495
33795
46757
91061
49522
58929
87559
53746
15592
17239
50964
52652
70946
1211
85053
94391
64277
56429
14600
36697
30664
70417
67598
55240
17251
55588
49502
29747
17310
88705
25105
77804
58482
48379
88744
72194
39870
70090
31931
23469
55629
3155
63120
82032
28971
97182
30361
8010
89352
71188
26456
77463
57471
42217
97198
64277
89865
39692
79551
67859
82129
8259
63772
56994
75714
4780
49306
70524
68939
24126
79353
92687
66180
14670
12923
91371
44168
58866
61599
12120
97836
57635
81960
17972
93402
2446
88518
87087
391
97234
14988
2965
37566
78235
70334
66907
40498
99918
87802
67134
69742
57933
81573
36838
84786
4942
92889
80633
45091
87570
91241
47901
45725
41724
90229
62888
29675
98449
77127
23618
31876
43858
65806
8632
44953
60905
34315
97037
7067
19534
33915
66570
62157
41608
57754
73795
67989
91263
82622
38696
55312
4020
68612
81177
62647
83435
44838
70399
22313
54827
86669
90309
25540
90753
6146
48525
94891
33305
13773
5213
54138
30173
24099
55870
18094
83821
87494
94234
41626
91215
90979
50360
34907
96872
2237
25456
57739
12842
53667
50909
40422
45957
41544
47347
96954
48204
4761
76288
97697
21859
7251
1094
24352
88191
69696
20443
38511
26679
67349
35455
52547
73938
49505
76896
98241
2965
45410
74377
30533
68966
67158
75102
31094
91833
66852
57537
59715
21883
41240
10713
73252
87306
1355
30336
21118
942
54299
80879
6805
59266
84758
396
7336
79302
6608
12146
20993
64455
11794
44351
11886
54651
66088
17141
76155
61664
75356
13395
75340
95042
10834
90510
58446
94759
94018
27027
18993
37969
13762
84739
49253
5212
75471
27910
92511
2848
75458
68557
89136
32399
84154
48921
83471
82508
53548
83428
